Ticker,eps,forward_pe,peg_ratio,pe_ratio,dividend_per_share,liquidity,debt_to_equity,price
BCC,16.38,5.1,1.09,4.974,0.54,3.7778584085440268,1.7611711576317663,81.48
SANM,5.26,10.14,-8.61,11.14,0.0,1.7893503551685022,0.019220623071413433,58.62
PYPL,2.38,15.15,1.473,28.38,0.0,1.2881186089412193,0.3463926876918783,68.19
TTE,7.48,5.03,7.12,4.545,3.041,1.1438573763918447,0.6620214447728366,58.77
RMD,5.86,35.34,1.741,40.82,1.74,3.069243302073938,1.4138748170865436,216.75
JYNT,0.26,55.87,-0.7,50.35,0.0,0.9434623937388831,0.5572412383079675,13.25
BSRR,2.33,7.38,2.27,7.43,0.92,0.3851752767527675,0.09064433326030846,17.31
IVZ,1.375,11.61,37.61,10.86,0.762,1.3708558211256747,1.1872170851549504,16.51
DGX,6.83,17.48,1.237,20.3,2.69,1.3387453874538746,0.8970937129300118,138.66
CARE,2.31,7.96,0.0,6.49,0.0,0.034822481531281285,0.08848399107480573,14.995
FFNW,1.32,12.59,1.96,8.2,0.49,107.63150867823765,0.11285314987848379,10.88
PM,5.59,17.64,3.549,17.24,5.06,0.8514683489232108,-0.12912187287485713,96.35
SEE,2.76,12.52,10.81,11.37,0.8,1.1929247460757155,0.04943150206142916,38.93
MGRC,4.46,21.46,2.146,20.79,1.83,0.002159293253929757,0.7150511827563402,92.71
SOI,0.77,384.62,0.66,11.75,0.425,1.5552159997106743,1.278372327601053,8.06
RUN,0.1,163.93,0.45,183.85,0.0,1.8123836430244076,0.5594669053168905,18.65
FAST,1.94,25.97,2.453,29.71,1.28,3.662534754402224,2.5035211267605635,57.64
LMAT,0.93,40.32,4.005,72.67,0.515,6.892904953145917,6.736075280705633,67.58
EGO,-0.0861,21.69,10.65,6.26,0.0,2.917175420934507,2.578950001429347,9.86
SNN,0.2,16.5,1.123,31.34,0.375,2.248396501457726,1.1172721478648822,31.33
MMM,9.68,11.92,2.314,10.48,5.97,1.417487684729064,0.4851117805612811,101.47
AXON,1.88,63.29,2.86,105.65,0.0,3.3316118267824653,0.8741652408729471,197.54
RVLV,0.67,25.84,1.698,23.25,0.0,2.846807204789323,1.7106226156684337,15.58
GRMN,5.0,16.31,1.805,20.92,2.92,3.9317575877802025,4.848503474947901,104.59
XOM,14.77,9.08,1.689,7.03,3.58,1.4583745837458375,1.219248022484459,103.87
MESO,12.7,833.33,0.0,0.345,0.0,1.1381382495316876,2.8653913580907218,4.44
NICE,4.18,24.81,2.066,50.39,0.0,2.11405837952803,1.6726976949317687,209.21
FUL,2.96,13.09,2.231,21.73,0.759,2.0848337002624477,0.5629517967444959,64.33
CHUY,1.25,13.42,1.4,32.06,0.0,2.0975233977970427,1.11338961010337,40.63
IBKR,2.837,16.5,1.81,28.15,0.4,0.30263771087706215,0.027985005035622366,79.87
THO,10.42,9.76,3.8,9.25,1.78,1.7929097841375383,1.0627610892442563,96.43
FNV,3.52,39.68,11.81,39.15,1.3,28.755467196819087,30.309335810496982,137.81
CABO,20.85,22.57,5.11,30.86,11.3,1.745833509580813,0.33924532592110085,638.75
BWXT,2.63,21.14,2.31,25.95,0.89,2.4414846197725715,0.40819223743369903,68.74
CSGS,1.9,14.53,2.076,27.54,1.075,1.6560562328092634,0.3968839763522799,52.32
SKM,4477.2,9.93,11.82,11.21,4150.0,0.9734175285598579,0.6323379552320759,20.08
MNRO,1.2,22.42,1.502,33.24,1.12,0.5754234967507241,0.6422836439593144,39.94
TDC,0.354,18.38,3.537,148.59,0.0,1.007007007007007,0.13097949886104784,51.4
TOL,12.38,5.95,2.588,6.16,0.81,7.43440759496141,1.1560153049741166,76.21
JBT,4.07,16.53,0.756,29.84,0.4,1.40093805595989,0.5276560464289944,121.43
PRU,1.33,8.64,87.81,64.2,4.85,26.18581560283688,0.046371128598065664,85.39
ATKR,18.9,8.76,1.39,7.5,0.0,2.9909554289866533,0.9984346264507112,144.12
BWFG,5.08,8.14,0.0,4.858,0.8,0.13010984601494707,0.0805003702644276,24.52
LANC,4.76,36.5,8.47,38.99,3.3,1.99316878000112,3.0684007267028144,188.04
HCSG,0.48,20.92,2.325,30.02,0.429,3.1455008509903553,1.5815997214254687,14.41
BEN,1.661,11.25,39.7,9.69,1.18,0.20441988950276244,0.7544539808450129,26.13
F,0.73,7.35,0.383,19.21,0.55,1.2003857984463793,0.19741569316365568,14.02
CGNX,1.0,34.25,2.04,54.01,0.27,3.3749561868798983,2.7406387675632655,54.01
AKAM,3.04,15.2,1.361,28.97,0.0,2.03014040009423,1.039718174911615,88.07
MGA,1.527,8.14,0.383,14.14,1.82,1.2599418845994188,0.5784503000260892,55.28
FSS,2.09,19.05,2.71,30.14,0.36,2.7882816346627277,1.2558735583084153,63.0
D,1.419,13.83,2.311,13.62,2.67,0.752624980410594,0.3684080603879484,53.29
CHTR,31.02,9.92,0.3,10.7,0.0,0.3322169580133965,0.06953016566754275,328.78
WHR,-36.62,9.51,1.649,38.63,7.0,1.0188900033433634,0.1392285347564683,144.66
CHX,0.88,18.18,0.497,31.85,0.31,1.7461186411052465,1.0190324813371254,28.26
NAT,0.43,48.08,-2.5,8.74,0.38,0.956941100171794,1.8113923638259057,3.76
DLX,1.34,6.14,1.84,12.52,1.2,0.9578709681874366,0.2513030514520078,16.78
PERI,2.21,14.39,0.575,15.0,0.0,2.7259763228013196,2.611182894742453,33.16
PAYS,0.03,135.14,0.0,83.67,0.0,1.0839155841963806,0.16201093376501358,2.51
AMCX,0.11,2.422,1.755,97.73,0.0,1.7385912066799976,0.21718563609302596,10.75
LAD,40.88,5.49,0.546,6.34,1.76,1.3038753799392098,0.4970291418333394,279.85
FXNC,2.73,7.59,0.0,6.02,0.57,16.770267379679144,0.0887022112285317,16.44
PCTY,2.15,76.92,2.443,84.48,0.0,1.0630006462644246,0.22446639497940155,181.64
PNM,2.42,18.18,3.188,18.92,1.43,0.29436160824449065,0.3125974221417716,45.79
EVR,9.87,9.7,1.325,12.26,2.92,5.285151847828936,1.1648001584747147,120.97
GNTX,1.41,14.43,1.036,19.69,0.48,3.383626960862757,6.8471755217284755,27.76
SCCO,3.44,44.64,1.2,21.27,3.5,4.167161067906679,0.8832744469206936,73.28
DLB,2.48,20.53,2.075,33.55,1.06,4.6577858737432765,4.896028458307039,83.2
CVBF,1.78,13.39,2.22,7.75,0.79,0.4641325078788744,0.1392978935153293,13.79
BECN,5.26,11.24,1.65,15.35,0.0,2.073429509197771,0.5300086175742919,80.75
SPTN,0.74,11.55,3.08,29.34,0.845,1.6853335729962915,0.4941993940403557,21.71
EXP,12.46,11.44,2.51,14.01,1.0,2.4496474688687533,0.7432382963039113,174.57
ALE,3.179,16.34,4.71,17.74,2.627,1.2267441860465116,0.8113720568901638,59.98
KOS,0.64,2.292,-0.2,9.39,0.0,0.7098619244115014,0.2270846147718354,6.01
MSCI,10.89,38.91,3.197,43.59,4.92,1.4980820625687785,-0.1512339464811116,474.65
PEP,4.76,25.0,3.099,38.96,4.6,0.8680187328250184,0.22462994450815243,185.43
CF,14.96,6.36,0.644,4.101,1.6,4.464037122969837,0.6863436123348018,72.91
NAVI,3.68,5.87,0.142,4.967,0.64,0.09907874152616027,0.04625127042451724,18.05
MAR,8.53,20.04,0.682,20.65,1.4,0.4683598794662075,0.005662743194596125,176.12
TPR,3.673,9.7,0.99,12.51,1.15,1.9360439752203125,0.47943232366024147,43.22
IR,1.618,21.98,1.487,41.11,0.06,2.1601082289277103,1.6598614006021413,64.13
OC,13.8,8.78,0.821,8.71,1.74,1.8587687532333161,0.7981009495252374,124.77
CBRE,3.46,14.97,2.447,22.17,0.0,1.0377332301534552,0.6344876166147886,76.72
CE,13.66,7.36,7.85,7.94,2.76,1.6743702934302778,0.27710607469773363,108.52
WCN,3.32,24.04,2.513,41.19,0.97,0.8200340663281241,0.7242591956652547,136.75
AEE,4.17,20.53,2.548,19.95,2.4,0.7479143997098295,0.3863131441890957,83.2
HTH,1.72,13.7,1.14,17.9,0.61,2.223512424386156,0.13761600729166226,30.79
UAA,0.81,23.42,2.183,9.17,0.0,2.181152354905442,0.6990649530552563,7.45
FRO,2.94,6.17,0.0,5.17,1.92,1.754807196319729,0.8895143239076362,15.19
DPZ,12.96,28.01,2.55,24.93,4.51,1.487762529993799,-0.7166677340168057,323.11
AMX,1.171,12.69,0.97,14.42,0.46,0.6660403430299325,0.27733991109357564,21.84
DIOD,7.14,11.26,0.88,12.89,0.0,2.8737863331505893,2.573795588880572,91.42
BERY,5.68,8.12,1.19,11.13,0.5,1.9530172413793103,0.24740952094909147,63.22
MITK,0.15,13.46,1.276,73.4,0.0,2.559810907097835,0.8988037307380373,10.63
AL,4.03,6.94,0.91,10.16,0.77,0.840482146536893,0.2981881910670244,40.95
IEX,7.71,28.01,2.155,26.81,1.8,3.0992071559260013,1.3297096973440394,206.67
SKY,7.0,17.12,0.0,8.88,0.0,4.192023847306532,3.739505584991038,63.42
NATI,1.21,15.58,0.736,47.33,1.12,2.0618273004713346,1.0040090959148247,57.27
INSW,11.5,3.417,0.0,3.322,0.48,2.4732062001600155,1.5354080416308848,38.21
O,1.42,44.05,4.321,41.98,2.987,1.1350068965517242,1.3474703533648642,59.61
DOOR,8.04,7.88,0.4,12.53,0.0,3.3866531179871,0.4275153541039352,100.71
CMG,37.31,35.46,1.208,55.6,0.0,1.410863758986771,0.5428379064446013,2074.48
SFST,2.88,9.91,2.31,8.82,0.0,16.929822595226582,0.08226635777277612,25.4
ICE,2.574,17.86,2.326,41.12,1.56,1.078580457709941,0.18051410716929384,111.2
PFGC,2.08,17.15,0.666,26.78,0.0,1.6873499378055483,0.4160993517507377,56.22
C,7.28,6.67,0.717,6.51,2.04,8.083360290641252,0.09273654619975834,47.41
EXPE,1.98,11.07,0.212,54.0,0.0,0.8298658636736929,0.07912239785782155,105.01
LBTYA,-1.484,57.47,1.61,74.06,0.0,1.527638326585695,1.0366714405004596,16.21
LPL,-12032.41,9.72,0.5,53.62,0.0,0.7723335451460006,0.3433720610454468,6.57
JAKK,9.06,5.3,2.37,2.446,0.0,1.6347351325765305,0.774640857006511,22.16
GSK,3.638,9.8,1.125,11.93,0.578,0.9527928102048705,0.24997885119702226,35.15
CSL,15.84,12.22,0.719,15.26,2.79,2.3143010752688173,0.7538143008552908,241.7
TEF,0.243,11.81,2.136,14.78,0.3,0.8894538297523372,0.30730378743318926,3.93
GFI,14.6,12.36,0.0,15.89,0.438,2.294881588999236,1.4471753484959649,14.42
EPAC,0.48,22.12,0.344,56.69,0.04,2.4772868308940934,0.7881331825466756,27.21
TPX,2.314,12.79,1.06,15.19,0.41,1.2422761048103246,0.009702904194948259,38.24
CMCO,1.68,10.53,0.464,24.58,0.28,2.053489036113169,0.9643084317730247,41.29
UBSI,2.93,13.85,1.92,10.42,1.44,12.254888473432338,0.18011379080708786,30.52
PFBC,9.57,7.11,1.83,5.84,1.96,278.1441819386178,0.11309930273853763,55.51
VLO,35.12,6.18,0.213,3.178,3.96,1.5187113569801496,0.7095738636363637,111.62
CUBE,1.55,31.75,6.31,29.07,1.84,0.03390134127499496,0.8248800473817249,45.06
MBCN,2.54,10.49,0.0,10.8,0.74,0.7104235294117647,0.12733627633795574,27.43
SAIC,5.88,13.48,3.67,18.54,1.48,1.0785576303927882,0.3967174677608441,109.04
UNH,21.87,21.6,1.657,22.16,6.6,0.8060902113631291,0.4694054087652869,476.75
CWEN,5.27,34.13,3.415,5.65,1.456,2.020376175548589,0.48468615348783045,29.76
HRI,11.29,8.63,0.483,11.54,2.357,1.0539629005059021,0.20948159568317595,131.6
HMC,409.48,6.38,8.66,10.8,120.0,1.4499274003010556,0.8555444350680151,31.12
ILMN,-28.58,72.99,4.178,91.22,0.0,1.422421524663677,1.3077373974208675,199.87
FCX,1.8,24.81,0.2,22.09,0.6,2.7922741904942248,0.6356438779145719,39.77
EW,2.43,30.12,3.065,37.49,0.0,3.010351201478743,2.308821257531284,91.09
HOMB,1.68,10.75,3.72,13.55,0.675,4.960735400144196,0.19223878178910034,22.76
CNXC,7.88,9.53,0.794,10.46,1.05,1.7587492932353823,0.7326227466397598,81.99
DECK,19.38,16.56,3.71,26.32,0.0,3.840630905947163,2.2337761078851823,510.14
FFIC,2.09,10.31,1.339,6.59,0.88,3.8971402112318922,0.08627826826219225,13.78
CHH,5.81,19.34,1.144,19.7,1.0,0.9229220670285248,0.022828116539555122,114.48
TS,2.452,13.42,4.692,6.11,0.51,3.4850294069618135,4.214918078790183,28.24
EPD,2.53,9.41,9.5,10.45,1.93,0.9305475504322767,-0.02567156922328917,26.21
FBNC,3.54,8.4,1.543,9.15,0.88,36.326611671249616,0.11750329109475496,32.4
INGR,8.27,12.52,1.352,12.54,2.78,1.7980972515856237,0.7623831775700934,103.73
HON,7.7,23.47,2.053,26.21,4.02,1.2578229772016094,0.3937948049529839,201.8
TPL,56.37,40.98,0.0,22.97,12.25,11.648770417943215,6.569342313787638,1331.0
TXMD,1.97,2.291,-0.73,2.0,0.0,1.2792201075713694,1.161257569713892,3.94
NVR,475.68,17.99,4.886,12.18,0.0,5.748163526935883,1.723938259422862,6025.4
SCHW,3.66,15.65,0.814,14.75,0.89,2.6808812302323046,0.0728097675303733,53.97
CBAN,1.09,9.21,0.0,8.75,0.432,0.03878537229212016,0.08657099432811102,9.54
MCHP,4.02,13.12,1.638,20.99,1.263,0.9841916244468671,0.6608296894498159,82.96
UNVR,2.72,10.91,1.42,13.15,0.0,2.1822878228782288,0.5630717747017536,35.81
SCS,0.3,7.39,2.35,24.13,0.0,1.4652743245483175,0.6001743425831759,7.24
GIL,2.71,9.16,1.339,11.24,0.693,3.0771456107733934,1.0987375094046326,30.46
GDEN,1.82,16.72,2.12,23.89,0.0,2.814559964421604,0.3071898386890138,43.24
ZTS,4.43,30.12,3.526,38.35,1.35,3.2736292428198435,0.4851559969772212,169.88
SWN,5.7,3.255,0.155,0.963,0.0,0.5535549399815328,0.9358072721831513,5.49
ESS,7.53,20.62,2.302,30.9,8.91,148.38512035010942,0.8707631167002882,232.68
CFG,4.16,7.27,0.263,5.64,1.65,1.7151277013752455,0.1221933301355684,26.94
BHLB,2.23,12.05,1.74,9.71,0.6,1.1364540420819491,0.08790501581703945,21.65
RHI,5.64,13.07,1.373,12.18,1.77,1.9614233090367583,1.2168213371415435,71.74
DKL,3.604,10.33,0.77,15.56,4.02,0.9865852720137481,-0.0723434334793133,57.56
CHD,1.67,25.91,3.993,57.69,1.06,1.184577158576626,0.7975167974950532,96.35
CAC,3.91,9.78,0.0,8.36,1.64,0.1639092116680855,0.08851824284221717,32.67
REVG,0.31,113.64,0.95,41.56,0.2,1.7262371615312793,0.482644804088586,12.93
IP,4.53,10.81,0.902,6.87,1.85,1.5506329113924051,0.5590803065644785,31.12
AXL,0.47,8.69,-1.17,17.45,0.0,1.6732053422370619,0.12868438483192582,8.2
PNTG,0.25,14.58,1.121,51.32,0.0,1.01712683610654,0.34102160809855064,12.73
SRT,0.0,6.43,8.04,0.0,0.0,1.4451672652526484,0.561859199569436,2.83
PRFT,3.01,15.02,1.799,26.16,0.0,2.9325499269361908,0.8059561209249627,78.2
CACC,31.11,9.67,1.154,15.86,0.0,0.03148076175670424,0.31729724753751265,493.31
BKU,3.45,8.49,0.278,6.5,1.02,0.035143707369208556,0.07149382434368012,22.41
UL,3.27,17.54,2.56,15.85,1.664,0.753411727691037,0.3389344262295082,51.83
SMPL,1.35,23.98,1.764,27.19,0.0,4.473004738629156,2.5000083785214926,36.64
HLF,2.57,3.238,-32.8,4.887,0.0,1.0774119947848761,-0.31270458265139117,12.56
SWX,-3.784,15.2,5.82,45.29,2.48,1.4020761434747027,0.38714463454794606,62.84
UTHR,14.39,14.53,1.024,15.5,0.0,9.836722119531732,4.189728491985607,223.07
PH,11.56,15.43,1.693,32.37,5.32,1.2496894959355886,0.47201195489245007,374.25
SIGI,4.13,15.11,1.86,23.77,1.16,21.43749692042375,0.3198572279489183,98.19
GRBK,6.08,12.38,0.76,9.18,0.0,72.26701997554015,2.0273453634979064,56.44
XEL,3.23,21.1,3.209,19.53,1.982,0.751280692457163,0.38112720103338094,62.81
DQ,20.04,2.228,0.174,1.675,0.0,5.5156105524273515,4.19521674685429,39.05
LHX,4.8,16.26,1.166,40.91,4.5,1.1380263371809463,1.0705889233288497,196.38
DCOM,3.83,13.0,13.64,4.653,0.96,0.828915,0.09416669150105163,17.82
STT,7.14,9.74,4.059,9.87,2.46,24.745611666216583,0.0930220321273669,73.03
DGII,0.74,23.92,1.409,52.78,0.0,2.0182406379448246,1.5879982538030155,39.06
AZO,126.19,18.83,1.373,19.39,0.0,0.792547431188878,-0.21616509038745146,2446.28
SKX,2.56,14.49,1.19,20.02,0.0,2.4096554178820537,1.239037001163374,51.26
DSGR,0.9,23.64,3.19,58.82,0.0,2.8863430271175674,0.8726465288301171,52.94
GLPI,2.92,17.21,8.08,16.71,2.835,4.762683207393745,0.5380506791747929,48.71
RCI,2.684,14.39,1.041,15.41,2.0,1.909037153838573,0.22613976451056209,44.22
JRVR,0.52,9.27,0.0,37.48,0.2,2.437220403904698,0.13221722364750965,19.32
PCAR,6.0,13.28,1.406,13.09,0.96,1.4477123313193687,0.6628024674853421,78.52
INBK,2.23,12.8,0.0,6.52,0.24,131.4104938271605,0.08144585565769157,14.53
ARRY,0.05,23.81,1.934,429.6,0.0,1.8416141610973575,0.16263919013794484,21.57
MERC,1.91,4.836,1.54,4.45,0.3,3.1249327110521117,0.42911563504835726,8.5
EFSC,5.54,8.85,1.9,7.48,0.94,1.7490236611315009,0.13575368685781378,40.75
FC,1.32,32.57,1.63,27.15,0.0,1.0463814474210316,0.6401235951907177,35.84
AVID,0.99,17.04,0.91,24.23,0.0,0.8832571360756811,-0.30239884680132534,23.99
EXPD,7.67,17.95,1.57,15.09,1.34,2.4186792920225266,1.440083041702053,115.72
VIAV,0.18,16.61,2.41,57.61,0.0,2.4309258361609305,0.5524249048660027,10.43
KEYS,6.58,21.51,2.353,24.49,0.0,3.350210970464135,1.1753684736447665,161.16
RUSHB,6.8,12.09,2.744,9.7,0.82,1.3045945447587928,0.8387072568116275,65.82
EDU,-0.203,46.51,1.478,17.52,0.0,2.405343767685234,1.628476499288811,38.38
SHW,8.15,23.81,2.053,30.34,2.405,0.9979067554709801,0.15863267728959932,247.28
RLJ,0.258,22.12,1.41,100.89,0.19,2.7035093622918938,0.9372685834391613,9.97
ESNT,6.79,6.04,0.84,6.59,0.91,0.16401328681355445,3.6360615220970383,44.75
HDSN,1.83,7.34,0.245,5.07,0.0,3.560223680122805,1.947751174759454,9.5
SHBI,1.61,10.03,1.78,7.65,0.48,0.41951330798479086,0.11329312518326747,12.32
HLIO,2.5,11.79,0.994,25.28,0.36,2.6705882352941175,1.0807270783213045,63.72
AER,7.07,7.33,0.91,8.63,0.0,1.3400983201909868,0.29913719287800866,61.03
STRL,3.26,9.61,0.534,15.89,0.0,1.3221824690963797,0.5302586740102887,51.81
RLI,13.84,27.4,3.82,9.52,1.04,3.0506786826880283,0.3691424109743855,131.81
DSGX,1.24,48.08,3.33,63.08,0.0,1.370174823423333,4.700790082246607,76.89
NWE,3.22,16.31,4.076,18.2,2.53,0.658658020423664,0.5869667658676101,58.61
VMC,4.67,26.04,1.46,45.09,1.63,2.368212445501387,0.9887775607823158,210.57
PNR,2.99,12.2,1.255,20.34,0.85,1.7638777955271565,0.7275293264624388,60.81
TCBK,4.23,10.79,1.91,8.39,1.15,68.89896530736458,0.1245688344656838,35.5
CARG,1.27,12.9,0.993,16.86,0.0,4.380793393495109,2.152232010293972,21.41
PBI,0.05,15.31,2.06,70.2,0.2,0.8835987337282186,0.013412109682982228,3.51
CIO,-0.362,384.62,-7.88,171.99,0.8,1.1462708182476467,1.0086376484177486,5.34
CIEN,1.3,19.76,0.77,32.21,0.0,3.6567917128654193,1.014533734916646,41.87
BBY,5.91,12.15,2.686,13.37,3.56,0.9815376833586241,0.2348045397225725,79.02
ES,4.169,19.68,3.029,18.41,2.587,0.6458083562618882,0.41061254471162584,71.23
CCBG,2.74,14.31,4.32,11.63,0.68,14.567137278462,0.1030733524154214,31.88
KEP,-36544.88,18.15,0.0,141.47,0.0,0.6111573350192202,0.1794384085454173,7.13
AYX,-4.38,555.56,0.0,568.35,0.0,2.5451339167329623,0.07260235678401869,43.76
RIO,5.97,10.63,0.0,8.74,4.904,1.635180556752564,1.1282887339779626,65.4
CVX,18.5,10.38,2.575,8.33,5.77,1.43325922632281,1.6704626409085195,154.88
PLNT,1.26,43.86,1.69,53.5,0.0,2.3529371800354086,-0.049435448279878155,67.25
DXCM,0.7,120.48,11.34,182.66,0.0,2.0200536193029492,0.6801912942824941,127.86
MGI,0.34,238.1,0.98,32.32,0.0,1.0412669126691267,-0.03351328612493865,10.99
CPK,5.0,21.88,2.734,25.12,2.14,0.6463434895189623,0.6412335516366023,125.61
NS,1.191,10.76,2.29,27.19,1.6,0.8155275661390536,0.39048333398757246,17.13
CPG,0.73,4.367,0.0,9.19,0.325,0.6668327934213805,2.1343053503757465,6.71
AJG,5.38,21.79,2.09,39.59,2.08,1.062087342272021,0.2786290196701678,212.97
AGR,1.75,18.8,4.183,21.94,1.76,0.687089715536105,0.9312106167653237,38.27
PSA,23.52,26.6,2.744,24.92,9.0,1.4783830610444413,1.363104347106339,287.76
JPM,13.57,10.38,1.166,10.49,4.0,10.427893433168832,0.08807392023126662,142.32
IRM,1.98,32.26,1.08,28.06,2.474,0.7978396184571835,0.034262286792696973,55.55
REG,2.24,30.3,5.02,26.62,2.55,0.12954396690228848,1.298114651073829,59.64
USPH,2.16,30.12,3.01,53.08,1.66,1.2968194378694968,0.8274830370894559,114.66
LECO,7.99,16.95,1.249,24.41,2.4,1.9265652158829771,0.5288099193360793,195.07
RTX,3.743,19.08,1.851,20.01,2.2,1.1339712918660287,0.8343170851910007,99.07
SLM,1.78,6.3,0.583,9.24,0.44,54.984391304347824,0.06613486191635762,16.47
ORA,1.35,50.51,5.06,62.78,0.48,2.0743477593615713,0.8185216270495489,84.75
CSWC,1.1,11.98,12.55,17.5,2.03,0.07797572247684431,0.9259210468537303,19.25
UTL,2.75,19.23,2.669,19.63,1.575,0.7806706114398422,0.43109102189134096,53.99
KAI,9.22,20.62,3.229,23.64,1.07,1.9929686911935958,1.4017913636550392,218.0
OMC,6.64,12.3,5.64,14.23,2.8,0.9576757692107746,0.14088874824827088,94.5
SMFG,0.83,6.99,1.271,10.16,240.0,15.478774493490663,0.04922269067549416,8.44
PGC,4.3,8.65,0.676,6.57,0.2,0.6982233368532207,0.09366284898380776,28.24
FPAY,0.55,6.06,0.0,2.127,0.0,12.511981627432696,0.27453018131688756,1.13
MU,1.39,454.55,1.115,48.13,0.46,4.167078972407231,2.4532523490629705,65.8
PLD,3.21,48.31,4.191,37.6,3.24,0.3037264990254612,1.7013074752408217,120.69
WTRG,1.73,25.64,3.665,23.77,1.129,0.63460834621791,0.5354075449384041,40.94
AMKR,2.6,9.12,1.87,10.02,0.25,2.081304299203663,1.2949067269010184,26.04
WES,2.774,8.98,5.48,9.61,2.0,1.2648612570893834,0.3871668237022346,26.57
BSY,0.51,42.73,3.566,102.76,0.14,0.5998485585272664,0.2386286284419496,52.58
CHCO,7.02,13.18,1.88,13.67,2.55,1.0325790435660311,0.11710096817616389,94.34
HONE,0.88,13.59,0.0,10.17,0.285,0.6343341176470588,0.12060854233929022,8.91
RPT,0.83,21.79,8.65,11.8,0.53,0.10493396982473258,0.9717103812410997,9.79
TWI,2.92,5.98,-1.21,4.069,0.0,2.074261213776712,0.4566059027777778,11.88
ENSG,4.11,19.61,1.307,22.75,0.225,1.4189810978391428,0.518458719897549,93.52
FULT,1.68,10.57,-7.57,7.51,0.6,0.9028342121343841,0.10692765144645583,12.61
MLAB,0.18,35.21,0.0,731.5,0.64,2.743951659401739,1.4662830908657285,131.67
TW,1.5,29.94,1.466,46.31,0.33,2.3339221745090466,7.826794701510167,69.42
OHI,1.16,10.39,1.13,26.5,2.68,0.7287431823923672,0.6239624807858551,30.74
FWONA,1.84,75.76,-0.5,37.72,0.0,0.7918118466898955,0.6865671641791045,69.32
HSY,8.24,26.67,4.018,31.42,4.009,0.830786615744505,0.451887607630476,258.89
SBGI,4.34,5.05,0.887,2.96,1.0,2.391735537190083,0.15878679750223015,12.845
OXY,8.75,8.52,1.218,6.57,0.57,1.0943548387096773,0.7030993553911657,57.47
SID,-0.436,6.39,-2.14,10.58,2.293,1.5981611536531235,0.2962241938709775,2.76
MUFG,0.64,8.48,6.52,10.97,32.0,20.040746693493443,0.04675724905094441,7.02
IOSP,5.19,15.9,-2.95,19.04,1.28,2.292976939203354,1.983808647654094,98.84
HAYN,4.09,11.12,0.556,12.23,0.88,6.853047020208012,1.4393465883897059,50.01
VTSI,0.41,27.86,0.796,19.1,0.0,3.5069817003655515,1.685479464747907,7.83
HBCP,5.0,8.21,0.0,6.74,0.95,0.4601754761395249,0.11810929302125009,33.22
LULU,7.51,28.41,1.405,50.44,0.0,2.4294815841549493,1.4746272209953684,378.81
BEPC,8.16,35.97,1.088,3.975,1.315,0.4003168413356081,0.1786557246087367,32.24
LFUS,13.77,15.41,1.356,20.26,2.33,2.697270022592651,1.3945071350430036,278.96
VALE,3.1,6.86,10.64,4.521,0.69,1.1179779610079372,0.7673940738914232,13.98
BPRN,4.15,7.94,0.0,6.92,1.05,85.14727316895421,0.16563618757292947,28.7
ABEV,0.19,16.81,1.976,16.66,0.762,0.9928800754369619,1.7336313833627712,3.19
ECL,4.02,30.12,2.013,44.97,2.08,1.174447612259444,0.5288733662189896,180.77
ALK,0.47,8.1,1.3,105.49,0.0,0.6380481778875849,0.347789195814085,49.58
AJX,-1.748,6.57,0.0,32.01,1.05,0.10630605441445316,0.2984610048361193,5.78
CZWI,1.6,8.05,0.0,5.56,0.29,0.04677152519534825,0.097019795903568,8.9
PRMW,0.26,17.67,-3.41,50.65,0.29,0.7495280964135328,0.5257102213296515,13.17
AYI,11.35,12.9,1.291,14.42,0.52,2.3369109508636594,1.356078540593232,163.64
SAM,4.75,29.67,1.482,68.26,0.0,1.9448273204937416,2.9655532804975637,324.22
EGBN,3.76,8.94,1.72,5.92,1.8,0.08156790935349766,0.12612668604939886,22.27
COLM,4.66,15.15,2.66,16.34,1.2,3.4946657639994023,2.0694940123609604,76.16
NRP,13.58,6.17,0.0,3.453,3.0,1.0893972472710014,2.610529999611152,49.5906
IDCC,6.07,13.64,0.91,15.08,1.4,4.703014626974799,0.5516742829112127,91.91
AMZN,0.41,43.86,11.85,304.46,0.0,0.9230941248221183,0.49870906110013813,124.83
NSC,12.98,17.83,2.192,17.01,5.07,0.7514164305949008,0.48131760078662733,220.79
HEP,1.78,8.5,3.69,10.28,1.4,1.3802557745008481,0.6119053699314272,18.24
IAG,-0.171,204.08,31.67,94.87,0.0,2.443721378645457,1.119380171823117,2.63
SPG,6.6,17.92,2.059,16.78,7.05,0.40864078666890796,0.10139979044921753,110.73
HELE,5.82,10.68,1.335,16.67,0.0,2.1643180527855823,1.0448500390201725,97.04
ALGN,4.03,25.06,10.8,82.06,0.0,1.163266649971715,1.4372059292995496,330.71
SPWH,0.52,12.67,0.68,9.42,0.0,1.2499249962498125,0.39225288393082536,4.9
CG,2.06,7.36,7.58,15.08,1.325,3.4182741116751267,0.47097992034517094,30.87
TROX,3.21,7.07,0.0,3.847,0.5,2.212021857923497,0.5931818181818181,12.35
FMBH,3.67,8.78,1.88,6.84,0.91,0.7142051219256201,0.10992636586870753,25.12
DCI,2.97,19.8,1.92,20.7,0.94,1.8997191011235954,0.943274259151656,61.49
AMAT,7.58,15.97,3.775,18.03,1.1,2.2580358277220176,0.9442625142016975,136.67
LSXMA,3.26,12.55,0.83,9.33,0.0,0.7918118466898955,0.6865671641791045,30.06
EMR,4.93,23.92,2.304,17.74,2.07,1.1902238707113526,0.4583047565255981,87.45
CARS,0.37,9.16,1.22,51.2,0.0,1.3474959943361777,0.6237294121840339,18.73
MBWM,4.43,7.69,2.51,6.51,1.28,0.25472515200942614,0.10553726745522526,28.19
KLAC,24.55,14.6,1.595,18.59,4.95,2.345678145607413,0.24387215510771612,456.43
FTNT,1.19,39.37,1.986,60.22,0.0,1.3362867128579312,0.0016713336949669398,71.11
CENTA,2.09,11.63,2.54,17.3,0.0,3.4748996215981123,0.6925752536742866,36.16
SO,3.08,18.98,2.917,23.26,2.72,0.6877564240984668,0.3449507954568138,71.64
APAM,2.76,12.8,1.38,13.59,2.21,1.384887231214647,0.28764139350955503,37.51
SUI,1.75,58.14,29.63,75.45,3.57,0.413615057858503,0.827376597667513,132.03
AMN,8.77,13.87,0.917,10.58,0.0,1.3328305962785014,0.4964314448376322,103.04
WU,2.003,8.98,11.13,6.4,0.94,0.36276130860989725,0.07197260666345516,11.51
BHC,-0.984,2.078,0.631,71.75,0.0,1.0800407851134335,-0.03162055335968379,7.37
WNEB,1.17,8.45,1.63,5.03,0.26,0.36916860288918074,0.10014715777658212,5.87
ORCL,3.07,16.39,1.517,39.77,1.44,0.9096578605456908,0.008048848182070497,122.1
MTDR,9.74,5.34,0.223,5.15,0.4,1.673662890856242,1.286091980517568,50.17
ARMK,0.95,22.83,1.57,42.58,0.44,1.2117437416676016,0.2593760938816936,40.45
CAAS,0.91,16.21,0.61,5.47,0.0,1.4511209876000954,0.8334641704325371,4.98
GSBD,0.42,10.78,2.15,33.58,1.8,-33.19704433497537,0.7802975058740352,14.1
CACI,15.81,14.33,3.38,20.87,0.0,1.2293998060981384,0.8673716617685537,329.9
CVE,2.053,6.15,0.45,6.67,0.534,1.6343576332134684,1.0736316497023237,16.83
UFPT,6.35,22.17,0.0,30.38,0.0,2.431713672593501,1.7081595032502184,192.91
VST,-0.767,7.04,0.829,29.09,0.751,1.1654006370987504,0.20080305779699625,25.15
TRU,1.417,16.42,1.426,47.11,0.41,1.5722905282331512,0.584697715581614,73.99
PRPH,0.36,10.09,0.0,20.39,0.0,3.3182975036551685,1.6916716055654333,7.34
WRK,-4.86,9.56,2.091,4.394,1.05,1.5296024157020633,0.5193838530726558,28.17
STNG,15.13,5.26,-0.22,2.948,0.5,1.6996125860373648,1.1939211244059178,44.78
HPP,-0.404,5.29,13.0,14557.58,1.0,0.6263978729898393,0.614471983336645,4.75
NSA,0.994,38.76,3.14,36.98,2.2,0.05804217320999535,0.43260930003589615,34.92
CFR,10.01,12.87,0.495,10.88,3.36,2.173934098008139,0.07258176104466134,108.87
OCSL,0.11,7.91,0.934,174.45,2.095,2.404158686730506,0.840183058595719,19.21
WTI,1.73,2.893,-0.18,2.272,0.0,1.463857370836921,0.03239349005963013,3.93
HOG,5.55,9.35,1.591,6.15,0.637,1.7151444084518366,0.34611410003013476,34.11
CPE,23.9,2.267,0.133,1.44,0.0,0.39364873697125363,1.215813148108852,34.42
MRO,4.071,5.92,0.4,4.321,0.37,0.7483690587138863,1.3205009276437847,23.04
TTEK,5.61,29.33,2.231,28.89,0.92,1.2521722524587033,0.5155472445242081,164.02
VZIO,0.05,39.84,1.595,137.4,0.0,1.5818223028105167,0.8341686641969928,6.87
EBMT,1.53,7.55,1.61,8.67,0.55,0.017922203646089888,0.08958301277119557,13.27
CLB,0.51,19.08,0.493,46.78,0.04,2.3835752530745418,0.5086869005199941,23.86
TM,179.45,8.64,3.725,12.5,60.0,1.1043445633639632,0.6292041733550416,156.5
ACGL,5.16,11.34,2.24,13.72,0.0,0.46541584990198825,0.3769943941354032,71.77
SYF,5.68,6.29,0.461,5.32,0.91,0.19194491132127536,0.1393724910204944,32.81
GMRE,0.17,55.87,-26.28,55.29,0.84,0.007721023921453922,0.8274164385744359,9.4
SFBS,4.61,22.57,0.0,9.44,1.02,13240.350367641438,0.1012582690431249,43.51
MC,1.25,17.95,1.97,34.66,2.4,0.3893382262863739,0.7381948509475362,43.33
PROV,1.27,10.12,-1.69,9.5,0.56,0.36210286722120266,0.10731303602200562,12.06
RL,7.58,12.24,1.734,16.31,3.0,2.225711416136592,0.5575820142234458,123.65
CIG,1.833,7.93,0.0,6.54,1.01,1.1919796770096172,0.7284262336998211,2.67
ZM,0.02,20.53,10.95,3346.5,0.0,3.5618547280129595,3.2424319232166545,66.93
SUPN,0.9,20.16,1.47,36.84,0.0,1.20749919690518,1.0369370823661013,33.16
DNOW,1.15,35.97,0.0,8.88,0.0,2.2930648769574944,1.734020618556701,10.1
AMH,0.877,28.49,29.82,86.51,0.76,0.49111583430060496,1.3940548853564863,34.93
LYB,9.27,8.29,1.51,9.65,4.76,1.8461538461538463,0.540537095266423,89.44
MOMO,1.03,7.45,0.737,9.3,0.0,2.2431415427815575,1.7956372834490213,9.58
CNOB,2.85,10.21,1.83,5.95,0.635,0.7035648484848485,0.13580824533037641,16.97
CB,12.52,12.25,3.952,15.49,3.32,3.758414766558089,0.35698789985716983,193.92
GOLD,0.06,22.17,10.07,268.83,0.4,2.6631316281971302,1.5311446676553864,16.13
RICK,4.57,15.08,1.256,16.85,0.21,0.7826194273562694,0.7998476099974795,76.99
WMS,6.06,15.29,1.66,18.24,0.48,2.686070823279708,0.4323360078478071,114.21
